0.000000	0.453398
0.010000	0.453412
0.020000	0.453455
0.030000	0.453527
0.040000	0.453628
0.050000	0.453758
0.060000	0.453917
0.070000	0.454104
0.080000	0.454319
0.090000	0.454564
0.100000	0.454837
0.110000	0.455137
0.120000	0.455464
0.130000	0.455824
0.140000	0.456227
0.150000	0.456645
0.160000	0.457061
0.170000	0.457436
0.180000	0.457868
0.190000	0.458391
0.200000	0.459000
0.210000	0.459853
0.220000	0.461027
0.230000	0.462008
0.240000	0.462769
0.250000	0.463539
0.260000	0.464377
0.270000	0.465265
0.280000	0.466083
0.290000	0.466459
0.300000	0.465645
0.310000	0.463382
0.320000	0.461246
0.330000	0.460557
0.340000	0.460958
0.350000	0.461748
0.360000	0.462584
0.370000	0.463359
0.380000	0.464078
0.390000	0.464774
0.400000	0.465525
0.410000	0.466439
0.420000	0.467694
0.430000	0.469536
0.440000	0.472310
0.450000	0.476473
0.460000	0.482583
0.470000	0.491296
0.480000	0.503130
0.490000	0.518205
0.500000	0.535467
0.510000	0.552275
0.520000	0.565271
0.530000	0.572747
0.540000	0.575583
0.550000	0.575755
0.560000	0.574806
0.570000	0.573706
0.580000	0.572799
0.590000	0.572280
0.600000	0.572160
0.610000	0.572463
0.620000	0.573137
0.630000	0.574137
0.640000	0.575405
0.650000	0.576984
0.660000	0.578775
0.670000	0.580808
0.680000	0.583008
0.690000	0.585410
0.700000	0.587986
0.710000	0.590720
0.720000	0.593607
0.730000	0.596653
0.740000	0.599824
0.750000	0.603122
0.760000	0.606559
0.770000	0.610086
0.780000	0.613775
0.790000	0.617564
0.800000	0.621473
0.810000	0.625510
0.820000	0.629685
0.830000	0.633958
0.840000	0.638355
0.850000	0.642849
0.860000	0.647463
0.870000	0.652176
0.880000	0.657038
0.890000	0.661973
0.900000	0.667104
0.910000	0.672296
0.920000	0.677608
0.930000	0.682979
0.940000	0.688539
0.950000	0.694186
0.960000	0.700031
0.970000	0.705930
0.980000	0.711898
0.990000	0.718114
1.000000	0.724371
1.010000	0.730688
1.020000	0.737224
1.030000	0.743835
1.040000	0.750589
1.050000	0.757443
1.060000	0.764492
1.070000	0.771581
1.080000	0.778845
1.090000	0.786270
1.100000	0.793751
1.110000	0.801372
1.120000	0.809017
1.130000	0.816942
1.140000	0.824872
1.150000	0.832951
1.160000	0.841210
1.170000	0.849637
1.180000	0.858091
1.190000	0.866568
1.200000	0.875242
1.210000	0.884177
1.220000	0.893094
1.230000	0.902064
1.240000	0.911305
1.250000	0.920558
1.260000	0.929872
1.270000	0.939309
1.280000	0.948998
1.290000	0.958595
1.300000	0.968365
1.310000	0.978213
1.320000	0.988281
1.330000	0.998354
1.340000	1.008562
1.350000	1.018814
1.360000	1.029232
1.370000	1.039538
1.380000	1.050006
1.390000	1.060761
1.400000	1.071435
1.410000	1.082213
1.420000	1.092901
1.430000	1.103875
1.440000	1.114749
1.450000	1.125779
1.460000	1.136902
1.470000	1.148234
1.480000	1.159497
1.490000	1.170694
1.500000	1.182029
1.510000	1.193478
1.520000	1.204912
1.530000	1.216320
1.540000	1.227962
1.550000	1.239538
1.560000	1.251029
1.570000	1.262640
1.580000	1.274307
1.590000	1.286024
1.600000	1.297787
1.610000	1.309602
1.620000	1.321515
1.630000	1.333303
1.640000	1.344900
1.650000	1.356803
1.660000	1.368547
1.670000	1.380645
1.680000	1.392762
1.690000	1.404589
1.700000	1.416567
1.710000	1.428297
1.720000	1.440196
1.730000	1.452028
1.740000	1.464475
1.750000	1.475944
1.760000	1.488248
1.770000	1.500271
1.780000	1.512194
1.790000	1.524105
1.800000	1.536111
1.810000	1.547792
1.820000	1.559716
1.830000	1.571481
1.840000	1.583253
1.850000	1.595260
1.860000	1.606880
1.870000	1.619129
1.880000	1.630575
1.890000	1.642066
1.900000	1.654002
1.910000	1.665736
1.920000	1.677286
1.930000	1.688912
1.940000	1.700767
1.950000	1.711746
1.960000	1.723021
1.970000	1.734339
1.980000	1.745998
1.990000	1.757325
2.000000	1.767964
2.010000	1.779256
2.020000	1.790004
2.030000	1.800462
2.040000	1.810995
2.050000	1.821894
2.060000	1.831851
2.070000	1.841393
2.080000	1.851030
2.090000	1.861065
2.100000	1.869966
2.110000	1.878251
2.120000	1.885362
2.130000	1.892312
2.140000	1.896209
2.150000	1.896330
2.160000	0.383196
2.170000	0.376433
2.180000	0.369981
2.190000	0.363717
2.200000	0.357569
2.210000	0.351699
2.220000	0.345948
2.230000	0.340388
2.240000	0.335097
2.250000	0.329813
2.260000	0.324777
2.270000	0.319917
2.280000	0.315037
2.290000	0.310313
2.300000	0.305893
2.310000	0.301475
2.320000	0.297185
2.330000	0.292944
2.340000	0.288830
2.350000	0.284943
2.360000	0.280986
2.370000	0.277270
2.380000	0.273561
2.390000	0.269941
2.400000	0.266370
2.410000	0.262914
2.420000	0.259494
2.430000	0.256218
2.440000	0.252999
2.450000	0.249857
2.460000	0.246801
2.470000	0.243764
2.480000	0.240832
2.490000	0.237941
2.500000	0.235123
2.510000	0.232239
2.520000	0.229501
2.530000	0.226866
2.540000	0.224257
2.550000	0.221710
2.560000	0.219216
2.570000	0.216725
2.580000	0.214317
2.590000	0.211941
2.600000	0.209588
2.610000	0.207288
2.620000	0.204973
2.630000	0.202901
2.640000	0.200727
2.650000	0.198524
2.660000	0.196503
2.670000	0.194355
2.680000	0.192433
2.690000	0.190430
2.700000	0.188455
2.710000	0.186542
2.720000	0.184645
2.730000	0.182841
2.740000	0.180981
2.750000	0.179192
2.760000	0.177466
2.770000	0.175665
2.780000	0.173973
2.790000	0.172341
2.800000	0.170569
2.810000	0.169036
2.820000	0.167412
2.830000	0.165789
2.840000	0.164276
2.850000	0.162752
2.860000	0.161210
2.870000	0.159749
2.880000	0.158318
2.890000	0.156826
2.900000	0.155381
2.910000	0.154084
2.920000	0.152635
2.930000	0.151230
2.940000	0.149901
2.950000	0.148662
2.960000	0.147318
2.970000	0.146107
2.980000	0.144856
2.990000	0.143538
3.000000	0.142319
3.010000	0.141163
3.020000	0.139935
3.030000	0.138691
3.040000	0.137598
3.050000	0.136377
3.060000	0.135284
3.070000	0.134118
3.080000	0.133133
3.090000	0.131992
3.100000	0.130892
3.110000	0.129812
3.120000	0.128856
3.130000	0.127840
3.140000	0.126756
3.150000	0.125755
3.160000	0.124811
3.170000	0.123783
3.180000	0.122865
3.190000	0.121919
3.200000	0.120876
3.210000	0.119928
3.220000	0.119072
3.230000	0.118116
3.240000	0.117310
3.250000	0.116322
3.260000	0.115492
3.270000	0.114651
3.280000	0.113780
3.290000	0.112967
3.300000	0.112139
3.310000	0.111278
3.320000	0.110455
3.330000	0.109683
3.340000	0.108860
3.350000	0.108065
3.360000	0.107272
3.370000	0.106443
3.380000	0.105722
3.390000	0.104980
3.400000	0.104188
3.410000	0.103467
3.420000	0.102778
3.430000	0.102063
3.440000	0.101386
3.450000	0.100601
3.460000	0.099938
3.470000	0.099227
3.480000	0.098628
3.490000	0.097897
3.500000	0.097227
3.510000	0.096603
3.520000	0.095864
3.530000	0.095267
3.540000	0.094685
3.550000	0.093997
3.560000	0.093408
3.570000	0.092778
3.580000	0.092136
3.590000	0.091585
3.600000	0.090982
3.610000	0.090408
3.620000	0.089754
3.630000	0.089194
3.640000	0.088654
3.650000	0.088008
3.660000	0.087467
3.670000	0.086874
3.680000	0.086384
3.690000	0.085853
3.700000	0.085275
3.710000	0.084740
3.720000	0.084227
3.730000	0.083656
3.740000	0.083118
3.750000	0.082592
3.760000	0.082182
3.770000	0.081622
3.780000	0.081088
3.790000	0.080664
3.800000	0.080186
3.810000	0.079652
3.820000	0.079206
3.830000	0.078709
3.840000	0.078252
3.850000	0.077808
3.860000	0.077263
3.870000	0.076883
3.880000	0.076409
3.890000	0.075919
3.900000	0.075515
3.910000	0.075066
3.920000	0.074630
3.930000	0.074156
3.940000	0.073741
3.950000	0.073353
3.960000	0.072888
3.970000	0.072496
3.980000	0.072016
3.990000	0.071668
4.000000	0.071185
4.010000	0.070802
4.020000	0.070450
4.030000	0.070070
4.040000	0.069665
4.050000	0.069193
4.060000	0.068890
4.070000	0.068447
4.080000	0.068050
4.090000	0.067693
4.100000	0.067350
4.110000	0.066998
4.120000	0.066568
4.130000	0.066264
4.140000	0.065821
4.150000	0.065476
4.160000	0.065199
4.170000	0.064778
4.180000	0.064436
4.190000	0.064150
4.200000	0.063797
4.210000	0.063464
4.220000	0.063034
4.230000	0.062772
4.240000	0.062397
4.250000	0.062138
4.260000	0.061760
4.270000	0.061442
4.280000	0.061116
4.290000	0.060759
4.300000	0.060493
4.310000	0.060188
4.320000	0.059850
4.330000	0.059579
4.340000	0.059247
4.350000	0.058948
4.360000	0.058656
4.370000	0.058393
4.380000	0.058070
4.390000	0.057746
4.400000	0.057410
4.410000	0.057125
4.420000	0.056844
4.430000	0.056546
4.440000	0.056346
4.450000	0.055976
4.460000	0.055800
4.470000	0.055488
4.480000	0.055227
4.490000	0.054903
4.500000	0.054611
4.510000	0.054428
4.520000	0.054167
4.530000	0.053827
4.540000	0.053616
4.550000	0.053388
4.560000	0.053082
4.570000	0.052871
4.580000	0.052562
4.590000	0.052335
4.600000	0.052073
4.610000	0.051840
4.620000	0.051582
4.630000	0.051268
4.640000	0.051023
4.650000	0.050834
4.660000	0.050565
4.670000	0.050357
4.680000	0.050170
4.690000	0.049913
4.700000	0.049659
4.710000	0.049463
4.720000	0.049180
4.730000	0.049006
4.740000	0.048716
4.750000	0.048481
4.760000	0.048241
4.770000	0.048107
4.780000	0.047827
4.790000	0.047619
4.800000	0.047467
4.810000	0.047192
4.820000	0.046967
4.830000	0.046797
4.840000	0.046553
4.850000	0.046385
4.860000	0.046154
4.870000	0.045954
4.880000	0.045770
4.890000	0.045483
4.900000	0.045285
4.910000	0.045105
4.920000	0.044926
4.930000	0.044734
4.940000	0.044520
4.950000	0.044384
4.960000	0.044140
4.970000	0.043970
4.980000	0.043763
4.990000	0.043608
5.000000	0.043429
