0.000000	0.453398
0.010000	0.453412
0.020000	0.453455
0.030000	0.453528
0.040000	0.453629
0.050000	0.453759
0.060000	0.453917
0.070000	0.454105
0.080000	0.454321
0.090000	0.454565
0.100000	0.454839
0.110000	0.455140
0.120000	0.455466
0.130000	0.455826
0.140000	0.456233
0.150000	0.456652
0.160000	0.457071
0.170000	0.457431
0.180000	0.457857
0.190000	0.458379
0.200000	0.458974
0.210000	0.459832
0.220000	0.461105
0.230000	0.462111
0.240000	0.462852
0.250000	0.463625
0.260000	0.464492
0.270000	0.465448
0.280000	0.466394
0.290000	0.466956
0.300000	0.466173
0.310000	0.463442
0.320000	0.460805
0.330000	0.460055
0.340000	0.460589
0.350000	0.461488
0.360000	0.462370
0.370000	0.463147
0.380000	0.463832
0.390000	0.464463
0.400000	0.465113
0.410000	0.465888
0.420000	0.466960
0.430000	0.468583
0.440000	0.471123
0.450000	0.475068
0.460000	0.481074
0.470000	0.489950
0.480000	0.502471
0.490000	0.519058
0.500000	0.538825
0.510000	0.558521
0.520000	0.573394
0.530000	0.580857
0.540000	0.582509
0.550000	0.581265
0.560000	0.579080
0.570000	0.577029
0.580000	0.575421
0.590000	0.574388
0.600000	0.573887
0.610000	0.573910
0.620000	0.574374
0.630000	0.575213
0.640000	0.576390
0.650000	0.577831
0.660000	0.579585
0.670000	0.581553
0.680000	0.583712
0.690000	0.586077
0.700000	0.588623
0.710000	0.591334
0.720000	0.594204
0.730000	0.597236
0.740000	0.600399
0.750000	0.603692
0.760000	0.607128
0.770000	0.610656
0.780000	0.614348
0.790000	0.618142
0.800000	0.622058
0.810000	0.626154
0.820000	0.630291
0.830000	0.634577
0.840000	0.638991
0.850000	0.643499
0.860000	0.648129
0.870000	0.652917
0.880000	0.657743
0.890000	0.662767
0.900000	0.667862
0.910000	0.673078
0.920000	0.678418
0.930000	0.683889
0.940000	0.689475
0.950000	0.695163
0.960000	0.700959
0.970000	0.706890
0.980000	0.712985
0.990000	0.719160
1.000000	0.725450
1.010000	0.731905
1.020000	0.738479
1.030000	0.745143
1.040000	0.751947
1.050000	0.758857
1.060000	0.765952
1.070000	0.773103
1.080000	0.780423
1.090000	0.787903
1.100000	0.795451
1.110000	0.803140
1.120000	0.810856
1.130000	0.818853
1.140000	0.826854
1.150000	0.835144
1.160000	0.843346
1.170000	0.851872
1.180000	0.860410
1.190000	0.869114
1.200000	0.877895
1.210000	0.886770
1.220000	0.895779
1.230000	0.905011
1.240000	0.914204
1.250000	0.923555
1.260000	0.933154
1.270000	0.942725
1.280000	0.952334
1.290000	0.962258
1.300000	0.972161
1.310000	0.982146
1.320000	0.992344
1.330000	1.002559
1.340000	1.012913
1.350000	1.023314
1.360000	1.033898
1.370000	1.044563
1.380000	1.055232
1.390000	1.065898
1.400000	1.076736
1.410000	1.087696
1.420000	1.098689
1.430000	1.109852
1.440000	1.121205
1.450000	1.132447
1.460000	1.143774
1.470000	1.155006
1.480000	1.166504
1.490000	1.178194
1.500000	1.189765
1.510000	1.201443
1.520000	1.213127
1.530000	1.224786
1.540000	1.236694
1.550000	1.248537
1.560000	1.260248
1.570000	1.272473
1.580000	1.284444
1.590000	1.296459
1.600000	1.308521
1.610000	1.320637
1.620000	1.332862
1.630000	1.344977
1.640000	1.357298
1.650000	1.369540
1.660000	1.381699
1.670000	1.394092
1.680000	1.406092
1.690000	1.418773
1.700000	1.431139
1.710000	1.443216
1.720000	1.456062
1.730000	1.468370
1.740000	1.480673
1.750000	1.493121
1.760000	1.505841
1.770000	1.518335
1.780000	1.530710
1.790000	1.543052
1.800000	1.555562
1.810000	1.568423
1.820000	1.580860
1.830000	1.593807
1.840000	1.606220
1.850000	1.618784
1.860000	1.630991
1.870000	1.643900
1.880000	1.656678
1.890000	1.668904
1.900000	1.681479
1.910000	1.693882
1.920000	1.707017
1.930000	1.719442
1.940000	1.732187
1.950000	1.744767
1.960000	1.756955
1.970000	1.770027
1.980000	1.782630
1.990000	1.795115
2.000000	1.807673
2.010000	1.820176
2.020000	1.832128
2.030000	1.844892
2.040000	1.857763
2.050000	1.870280
2.060000	1.882780
2.070000	1.895195
2.080000	1.906779
2.090000	1.920172
2.100000	1.931582
2.110000	1.944920
2.120000	1.956461
2.130000	1.968930
2.140000	1.981706
2.150000	1.994097
2.160000	2.005570
2.170000	2.018362
2.180000	2.030344
2.190000	2.042113
2.200000	2.054484
2.210000	2.067402
2.220000	2.078714
2.230000	2.091309
2.240000	2.103337
2.250000	2.114182
2.260000	2.127064
2.270000	2.137750
2.280000	2.149505
2.290000	2.161702
2.300000	2.172104
2.310000	2.184578
2.320000	2.195652
2.330000	2.206142
2.340000	2.216629
2.350000	2.226391
2.360000	2.235911
2.370000	2.244985
2.380000	2.252376
2.390000	2.255273
2.400000	0.267437
2.410000	0.263957
2.420000	0.260533
2.430000	0.257222
2.440000	0.253976
2.450000	0.250805
2.460000	0.247578
2.470000	0.244515
2.480000	0.241575
2.490000	0.238670
2.500000	0.235847
2.510000	0.233083
2.520000	0.230332
2.530000	0.227665
2.540000	0.225035
2.550000	0.222324
2.560000	0.219827
2.570000	0.217312
2.580000	0.214897
2.590000	0.212508
2.600000	0.210135
2.610000	0.207964
2.620000	0.205667
2.630000	0.203442
2.640000	0.201252
2.650000	0.199159
2.660000	0.197004
2.670000	0.194979
2.680000	0.192918
2.690000	0.190893
2.700000	0.188898
2.710000	0.186978
2.720000	0.185068
2.730000	0.183281
2.740000	0.181394
2.750000	0.179598
2.760000	0.177885
2.770000	0.176046
2.780000	0.174352
2.790000	0.172737
2.800000	0.171089
2.810000	0.169405
2.820000	0.167766
2.830000	0.166276
2.840000	0.164615
2.850000	0.163088
2.860000	0.161672
2.870000	0.160068
2.880000	0.158643
2.890000	0.157269
2.900000	0.155832
2.910000	0.154403
2.920000	0.153060
2.930000	0.151672
2.940000	0.150335
2.950000	0.148945
2.960000	0.147725
2.970000	0.146393
2.980000	0.145145
2.990000	0.143925
3.000000	0.142572
3.010000	0.141435
3.020000	0.140189
3.030000	0.139077
3.040000	0.137845
3.050000	0.136757
3.060000	0.135641
3.070000	0.134495
3.080000	0.133379
3.090000	0.132213
3.100000	0.131241
3.110000	0.130168
3.120000	0.129082
3.130000	0.128071
3.140000	0.126959
3.150000	0.125956
3.160000	0.125026
3.170000	0.123978
3.180000	0.123077
3.190000	0.122134
3.200000	0.121201
3.210000	0.120257
3.220000	0.119257
3.230000	0.118430
3.240000	0.117509
3.250000	0.116635
3.260000	0.115665
3.270000	0.114830
3.280000	0.113952
3.290000	0.113149
3.300000	0.112322
3.310000	0.111446
3.320000	0.110618
3.330000	0.109856
3.340000	0.109024
3.350000	0.108224
3.360000	0.107426
3.370000	0.106734
3.380000	0.105989
3.390000	0.105127
3.400000	0.104471
3.410000	0.103740
3.420000	0.102920
3.430000	0.102205
3.440000	0.101536
3.450000	0.100867
3.460000	0.100071
3.470000	0.099483
3.480000	0.098776
3.490000	0.098027
3.500000	0.097355
3.510000	0.096738
3.520000	0.096128
3.530000	0.095390
3.540000	0.094821
3.550000	0.094118
3.560000	0.093536
3.570000	0.092901
3.580000	0.092253
3.590000	0.091714
3.600000	0.091108
3.610000	0.090540
3.620000	0.089867
3.630000	0.089311
3.640000	0.088779
3.650000	0.088237
3.660000	0.087576
3.670000	0.087107
3.680000	0.086497
3.690000	0.085969
3.700000	0.085382
3.710000	0.084845
3.720000	0.084335
3.730000	0.083873
3.740000	0.083343
3.750000	0.082822
3.760000	0.082293
3.770000	0.081720
3.780000	0.081307
3.790000	0.080768
3.800000	0.080291
3.810000	0.079747
3.820000	0.079308
3.830000	0.078806
3.840000	0.078351
3.850000	0.077912
3.860000	0.077351
3.870000	0.076985
3.880000	0.076506
3.890000	0.076009
3.900000	0.075611
3.910000	0.075160
3.920000	0.074724
3.930000	0.074243
3.940000	0.073830
3.950000	0.073449
3.960000	0.072975
3.970000	0.072587
3.980000	0.072098
3.990000	0.071757
4.000000	0.071383
4.010000	0.070882
4.020000	0.070537
4.030000	0.070160
4.040000	0.069751
4.050000	0.069389
4.060000	0.068975
4.070000	0.068524
4.080000	0.068239
4.090000	0.067770
4.100000	0.067429
4.110000	0.067080
4.120000	0.066642
4.130000	0.066344
4.140000	0.066014
4.150000	0.065548
4.160000	0.065279
4.170000	0.064850
4.180000	0.064508
4.190000	0.064228
4.200000	0.063873
4.210000	0.063541
4.220000	0.063224
4.230000	0.062845
4.240000	0.062466
4.250000	0.062214
4.260000	0.061830
4.270000	0.061512
4.280000	0.061185
4.290000	0.060826
4.300000	0.060563
4.310000	0.060258
4.320000	0.059918
4.330000	0.059650
4.340000	0.059315
4.350000	0.059016
4.360000	0.058725
4.370000	0.058465
4.380000	0.058138
4.390000	0.057813
4.400000	0.057473
4.410000	0.057189
4.420000	0.056908
4.430000	0.056609
4.440000	0.056413
4.450000	0.056153
4.460000	0.055868
4.470000	0.055552
4.480000	0.055292
4.490000	0.054965
4.500000	0.054673
4.510000	0.054493
4.520000	0.054232
4.530000	0.053888
4.540000	0.053679
4.550000	0.053452
4.560000	0.053144
4.570000	0.052934
4.580000	0.052623
4.590000	0.052396
4.600000	0.052134
4.610000	0.051901
4.620000	0.051642
4.630000	0.051438
4.640000	0.051194
4.650000	0.050893
4.660000	0.050624
4.670000	0.050415
4.680000	0.050230
4.690000	0.049972
4.700000	0.049717
4.710000	0.049521
4.720000	0.049237
4.730000	0.049064
4.740000	0.048773
4.750000	0.048538
4.760000	0.048297
4.770000	0.048164
4.780000	0.047884
4.790000	0.047676
4.800000	0.047523
4.810000	0.047249
4.820000	0.047023
4.830000	0.046853
4.840000	0.046609
4.850000	0.046440
4.860000	0.046210
4.870000	0.046009
4.880000	0.045824
4.890000	0.045539
4.900000	0.045341
4.910000	0.045160
4.920000	0.044980
4.930000	0.044788
4.940000	0.044574
4.950000	0.044435
4.960000	0.044194
4.970000	0.044023
4.980000	0.043816
4.990000	0.043659
5.000000	0.043375
